0.52075
0.099236
0.50342
0.11214
0.47139
0.13621
0.43013
0.16707
0.38717
0.19807
0.34968
0.22314
0.32211
0.2396
0.306
0.24812
0.30131
0.25041
0.30788
0.24717
0.32593
0.23745
0.35532
0.21954
0.39412
0.19319
0.43734
0.16172
0.47755
0.13157
0.50743
0.10914
0.52198
0.098322
0.51903
0.10051
0.49899
0.11546
0.46497
0.14104
0.42288
0.17241
0.38038
0.20279
0.34432
0.22649
0.31862
0.24152
0.30443
0.24889
0.30162
0.25026
0.31009
0.24605
0.33006
0.23507
0.36122
0.21569
0.4012
0.18815
0.44447
0.15641
0.48342
0.12716
0.51102
0.10647
0.52272
0.097772
0.51682
0.10215
0.49416
0.11908
0.45832
0.14604
0.41561
0.17773
0.37378
0.2073
0.33926
0.2296
0.31546
0.24323
0.30318
0.2495
0.30224
0.24996
0.31261
0.24474
0.3345
0.23246
0.36738
0.21161
0.40837
0.18299
0.45147
0.15117
0.48896
0.12298
0.51415
0.10414
0.52297
0.097589
0.51415
0.10414
0.48896
0.12298
0.45147
0.15117
0.40837
0.18299
0.36738
0.21161
0.3345
0.23246
0.31261
0.24474
0.30224
0.24996
0.30318
0.2495
0.31546
0.24323
0.33926
0.2296
0.37378
0.2073
0.41561
0.17773
0.45832
0.14604
0.49416
0.11908
0.51682
0.10215
0.52272
0.097772
0.51102
0.10647
0.48342
0.12716
0.44447
0.15641
0.4012
0.18815
0.36122
0.21569
0.33006
0.23507
0.31009
0.24605
0.30162
0.25026
0.30443
0.24889
0.31862
0.24152
0.34432
0.22649
0.38038
0.20279
0.42288
0.17241
0.46497
0.14104
0.49899
0.11546
0.51903
0.10051
0.52198
0.098322
0.50743
0.10914
0.47755
0.13157
0.43734
0.16172
0.39412
0.19319
0.35532
0.21954
0.32593
0.23745
0.30788
0.24717
0.30131
0.25041
0.306
0.24812
0.32211
0.2396
0.34968
0.22314
0.38717
0.19807
0.43013
0.16707
0.47139
0.13621
0.50342
0.11214
0.52075
0.099236
