0.74003
0.066329
0.70054
0.096432
0.62439
0.1589
0.52658
0.24251
0.43697
0.31416
0.37728
0.35107
0.34681
0.36
0.33478
0.35775
0.33212
0.35603
0.33596
0.35831
0.35032
0.35972
0.38501
0.34728
0.4502
0.30437
0.54329
0.2283
0.63931
0.14633
0.70988
0.089137
0.7428
0.064299
0.73616
0.069188
0.69015
0.10466
0.60883
0.17213
0.51014
0.25635
0.42466
0.32289
0.37039
0.35406
0.34382
0.35998
0.33385
0.35722
0.33229
0.35615
0.33742
0.35885
0.35438
0.35906
0.39358
0.34262
0.4642
0.29362
0.56
0.21399
0.65339
0.13459
0.71811
0.082801
0.74445
0.063093
0.73122
0.072875
0.6788
0.11377
0.59284
0.18581
0.49419
0.26956
0.41334
0.33051
0.36433
0.35632
0.3413
0.35974
0.33314
0.35676
0.33263
0.3564
0.33919
0.35934
0.35903
0.35795
0.403
0.33706
0.47887
0.282
0.57654
0.1998
0.66656
0.12374
0.72521
0.077398
0.745
0.062694
0.72521
0.077398
0.66656
0.12374
0.57654
0.1998
0.47887
0.282
0.403
0.33706
0.35903
0.35795
0.33919
0.35934
0.33263
0.3564
0.33314
0.35676
0.3413
0.35974
0.36433
0.35632
0.41334
0.33051
0.49419
0.26956
0.59284
0.18581
0.6788
0.11377
0.73122
0.072875
0.74445
0.063093
0.71811
0.082801
0.65339
0.13459
0.56
0.21399
0.4642
0.29362
0.39358
0.34262
0.35438
0.35906
0.33742
0.35885
0.33229
0.35615
0.33385
0.35722
0.34382
0.35998
0.37039
0.35406
0.42466
0.32289
0.51014
0.25635
0.60883
0.17213
0.69015
0.10466
0.73616
0.069188
0.7428
0.064299
0.70988
0.089137
0.63931
0.14633
0.54329
0.2283
0.4502
0.30437
0.38501
0.34728
0.35032
0.35972
0.33596
0.35831
0.33212
0.35603
0.33478
0.35775
0.34681
0.36
0.37728
0.35107
0.43697
0.31416
0.52658
0.24251
0.62439
0.1589
0.70054
0.096432
0.74003
0.066329
