0.7693
0.029418
0.76252
0.033023
0.74887
0.040543
0.72824
0.052535
0.7006
0.069665
0.66616
0.092445
0.62565
0.12085
0.58052
0.15393
0.53299
0.1896
0.48585
0.22495
0.44189
0.25699
0.40336
0.28351
0.3716
0.30359
0.34707
0.3175
0.32956
0.32628
0.3186
0.33118
0.31373
0.33318
0.3147
0.33279
0.32156
0.32991
0.33464
0.32385
0.35445
0.31349
0.38139
0.29762
0.41549
0.27537
0.45603
0.24684
0.50134
0.21339
0.54894
0.17759
0.59595
0.14249
0.63975
0.11079
0.67836
0.08421
0.71059
0.063346
0.7359
0.047999
0.75419
0.037571
0.76554
0.031408
0.77005
0.029024
0.7678
0.03021
0.75874
0.035072
0.74278
0.044011
0.7198
0.057642
0.68985
0.076617
0.65327
0.10131
0.61103
0.13144
0.56481
0.16566
0.51709
0.20157
0.47071
0.23613
0.42835
0.26652
0.39198
0.29093
0.36262
0.30887
0.34047
0.32094
0.3252
0.32829
0.31632
0.33213
0.3134
0.3333
0.31632
0.33213
0.3252
0.32829
0.34047
0.32094
0.36262
0.30887
0.39198
0.29093
0.42835
0.26652
0.47071
0.23613
0.51709
0.20157
0.56481
0.16566
0.61103
0.13144
0.65327
0.10131
0.68985
0.076617
0.7198
0.057642
0.74278
0.044011
0.75874
0.035072
0.7678
0.03021
0.77005
0.029024
0.76554
0.031408
0.75419
0.037571
0.7359
0.047999
0.71059
0.063346
0.67836
0.08421
0.63975
0.11079
0.59595
0.14249
0.54894
0.17759
0.50134
0.21339
0.45603
0.24684
0.41549
0.27537
0.38139
0.29762
0.35445
0.31349
0.33464
0.32385
0.32156
0.32991
0.3147
0.33279
0.31373
0.33318
0.3186
0.33118
0.32956
0.32628
0.34707
0.3175
0.3716
0.30359
0.40336
0.28351
0.44189
0.25699
0.48585
0.22495
0.53299
0.1896
0.58052
0.15393
0.62565
0.12085
0.66616
0.092445
0.7006
0.069665
0.72824
0.052535
0.74887
0.040543
0.76252
0.033023
0.7693
0.029418
