0.63706
0.065311
0.61091
0.083448
0.56103
0.11976
0.49475
0.16972
0.42557
0.2208
0.36763
0.25921
0.32803
0.28055
0.30654
0.28927
0.30056
0.29119
0.30898
0.28842
0.33331
0.27805
0.37609
0.25402
0.43664
0.21287
0.50642
0.16089
0.57076
0.11254
0.61703
0.079141
0.6389
0.064065
0.63449
0.067058
0.60413
0.088271
0.55082
0.12738
0.483
0.17858
0.41482
0.22835
0.35969
0.26391
0.32326
0.2827
0.30452
0.28994
0.30095
0.29107
0.31185
0.28736
0.3391
0.27516
0.38507
0.24833
0.44798
0.20462
0.51793
0.15217
0.57998
0.10575
0.62246
0.07535
0.64
0.063319
0.6312
0.069312
0.59669
0.093603
0.5402
0.13536
0.47123
0.1874
0.40447
0.23548
0.35229
0.26812
0.31898
0.28453
0.30293
0.29046
0.30174
0.29083
0.31518
0.28607
0.34543
0.27186
0.39453
0.24215
0.45954
0.1961
0.52921
0.14364
0.58863
0.099435
0.62718
0.072074
0.64037
0.063071
0.62718
0.072074
0.58863
0.099435
0.52921
0.14364
0.45954
0.1961
0.39453
0.24215
0.34543
0.27186
0.31518
0.28607
0.30174
0.29083
0.30293
0.29046
0.31898
0.28453
0.35229
0.26812
0.40447
0.23548
0.47123
0.1874
0.5402
0.13536
0.59669
0.093603
0.6312
0.069312
0.64
0.063319
0.62246
0.07535
0.57998
0.10575
0.51793
0.15217
0.44798
0.20462
0.38507
0.24833
0.3391
0.27516
0.31185
0.28736
0.30095
0.29107
0.30452
0.28994
0.32326
0.2827
0.35969
0.26391
0.41482
0.22835
0.483
0.17858
0.55082
0.12738
0.60413
0.088271
0.63449
0.067058
0.6389
0.064065
0.61703
0.079141
0.57076
0.11254
0.50642
0.16089
0.43664
0.21287
0.37609
0.25402
0.33331
0.27805
0.30898
0.28842
0.30056
0.29119
0.30654
0.28927
0.32803
0.28055
0.36763
0.25921
0.42557
0.2208
0.49475
0.16972
0.56103
0.11976
0.61091
0.083448
0.63706
0.065311
