0.85843
0.0091473
0.84054
0.014835
0.80283
0.029307
0.74209
0.05906
0.65662
0.11194
0.55352
0.18738
0.45547
0.26436
0.38957
0.31527
0.36944
0.33023
0.39753
0.30926
0.47017
0.25278
0.57112
0.17389
0.67243
0.10134
0.75392
0.052692
0.81061
0.026054
0.84482
0.013404
0.85964
0.0087896
0.85672
0.0096567
0.83571
0.016502
0.7944
0.03298
0.72954
0.06609
0.64026
0.12322
0.53604
0.20094
0.44169
0.27517
0.38289
0.32028
0.37079
0.32924
0.40677
0.30222
0.4857
0.24051
0.58871
0.16061
0.68767
0.091451
0.76506
0.046938
0.81777
0.02318
0.84856
0.012187
0.86037
0.0085773
0.85451
0.010326
0.83031
0.018431
0.7853
0.037117
0.71627
0.073821
0.62342
0.13515
0.5188
0.21443
0.42892
0.28513
0.37752
0.32427
0.37349
0.32726
0.41725
0.29417
0.50196
0.22767
0.60619
0.14765
0.7023
0.082275
0.77552
0.041758
0.82433
0.020649
0.85179
0.011166
0.86061
0.008507
0.85179
0.011166
0.82433
0.020649
0.77552
0.041758
0.7023
0.082275
0.60619
0.14765
0.50196
0.22767
0.41725
0.29417
0.37349
0.32726
0.37752
0.32427
0.42892
0.28513
0.5188
0.21443
0.62342
0.13515
0.71627
0.073821
0.7853
0.037117
0.83031
0.018431
0.85451
0.010326
0.86037
0.0085773
0.84856
0.012187
0.81777
0.02318
0.76506
0.046938
0.68767
0.091451
0.58871
0.16061
0.4857
0.24051
0.40677
0.30222
0.37079
0.32924
0.38289
0.32028
0.44169
0.27517
0.53604
0.20094
0.64026
0.12322
0.72954
0.06609
0.7944
0.03298
0.83571
0.016502
0.85672
0.0096567
0.85964
0.0087896
0.84482
0.013404
0.81061
0.026054
0.75392
0.052692
0.67243
0.10134
0.57112
0.17389
0.47017
0.25278
0.39753
0.30926
0.36944
0.33023
0.38957
0.31527
0.45547
0.26436
0.55352
0.18738
0.65662
0.11194
0.74209
0.05906
0.80283
0.029307
0.84054
0.014835
0.85843
0.0091473
