0.76988
0.03006
0.74265
0.044847
0.68726
0.078775
0.60548
0.13583
0.50896
0.20831
0.42025
0.27277
0.3574
0.31169
0.32339
0.32787
0.31403
0.33139
0.32723
0.32629
0.3658
0.30704
0.43354
0.2636
0.52517
0.19606
0.62063
0.1248
0.69845
0.071549
0.74912
0.041207
0.77175
0.029096
0.76725
0.031424
0.73539
0.049016
0.67531
0.08667
0.5899
0.14733
0.49297
0.22033
0.40772
0.28118
0.34981
0.31568
0.32024
0.32911
0.31465
0.33118
0.33177
0.32433
0.37503
0.30171
0.44753
0.25369
0.5415
0.1837
0.63524
0.11433
0.70887
0.064982
0.75481
0.03807
0.77287
0.028521
0.76387
0.033202
0.72734
0.053743
0.66263
0.095234
0.57397
0.15921
0.47734
0.23197
0.39599
0.2888
0.34303
0.31908
0.31774
0.33006
0.31588
0.33074
0.33702
0.32195
0.38509
0.29564
0.46216
0.24312
0.5578
0.17137
0.64926
0.10446
0.7185
0.059055
0.75973
0.03541
0.77325
0.02833
0.75973
0.03541
0.7185
0.059055
0.64926
0.10446
0.5578
0.17137
0.46216
0.24312
0.38509
0.29564
0.33702
0.32195
0.31588
0.33074
0.31774
0.33006
0.34303
0.31908
0.39599
0.2888
0.47734
0.23197
0.57397
0.15921
0.66263
0.095234
0.72734
0.053743
0.76387
0.033202
0.77287
0.028521
0.75481
0.03807
0.70887
0.064982
0.63524
0.11433
0.5415
0.1837
0.44753
0.25369
0.37503
0.30171
0.33177
0.32433
0.31465
0.33118
0.32024
0.32911
0.34981
0.31568
0.40772
0.28118
0.49297
0.22033
0.5899
0.14733
0.67531
0.08667
0.73539
0.049016
0.76725
0.031424
0.77175
0.029096
0.74912
0.041207
0.69845
0.071549
0.62063
0.1248
0.52517
0.19606
0.43354
0.2636
0.3658
0.30704
0.32723
0.32629
0.31403
0.33139
0.32339
0.32787
0.3574
0.31169
0.42025
0.27277
0.50896
0.20831
0.60548
0.13583
0.68726
0.078775
0.74265
0.044847
0.76988
0.03006
